Number Pattern Problem In C Programming
i) Print the following pattern 

         1                                                                                                                                   
      2 3 2                                                                                                                                
    3 4 5 4 3                                                                                                                              
  4 5 6 7 6 5 4                                                                                                                            
5 6 7 8 9 8 7 6 5    

ii)
             1                                                                                                                           
           1   1                                                                                                                         
         1   2   1                                                                                                                       
       1   3   3   1                                                                                                                     
     1   4   6   4   1 

iii)
        4
     4    3
   4    3   2
  4  3   2    1 

v)
1 2 3 4 5                                                                                                                                
2 3 4 5                                                                                                                                  
3 4 5                                                                                                                                    
4 5                                                                                                                                      
5    

vi)
1                                                                                                                                          
2 1                                                                                                                                        
3 2 1                                                                                                                                      
4 3 2 1                                                                                                                                    
5 4 3 2 1  

vii)
1                                                                                                                                        
2*2                                                                                                                                      
3*3*3                                                                                                                                    
3*3*3                                                                                                                                    
2*2                                                                                                                                      
1  

viii)
5                                                                                                                                        
5 4                                                                                                                                      
5 4 3                                                                                                                                    
5 4 3 2                                                                                                                                  
5 4 3 2 1  

ix)
1                                                                                                                                        
2 2                                                                                                                                      
3 3 3                                                                                                                                    
4 4 4 4                                                                                                                                  
5 5 5 5 5  

x)
5                                                                                                                                        
4 4                                                                                                                                      
3 3 3                                                                                                                                    
2 2 2 2                                                                                                                                  
1 1 1 1 1   

xi)
1 3 5 7 9                                                                                                                                
3 5 7 9                                                                                                                                  
5 7 9                                                                                                                                    
7 9                                                                                                                                      
9  

xii)
1                                                                                                                                        
0 1                                                                                                                                      
1 0 1                                                                                                                                    
0 1 0 1                                                                                                                                  
1 0 1 0 1  

xiii)
1                                                                                                                                        
1 0                                                                                                                                      
1 0 1                                                                                                                                    
1 0 1 0                                                                                                                                  
1 0 1 0 1  

xiv)
1                                                                                                                                        
2 4                                                                                                                                      
1 3 5                                                                                                                                    
2 4 6 8                                                                                                                                  
1 3 5 7 9  

xv)
1 1 1 1 1                                                                                                                                
0 0 0 0                                                                                                                                  
1 1 1                                                                                                                                    
0 0                                                                                                                                      
1 

xvi) Table Printing
1
2 4
3 6  9
4 8  12 16
5 10 15 20 25